0.3286107293557825
0.21907381957052147
17.4996974788321 18.265903420685838 17.34632319123553 
31.580771868744105 30.83831174100846 32.302635861955366 
25.914221195167237 26.85986094650078 26.406052860379454 
28.025711233830663 24.696901798642273 30.154090868672494 
21.03184757015602 21.650230918146768 21.348251132306835 
35.92184989741711 0.0 0.0 
-226.82586849236242 25.346220515808387 -227.02624977926658 
56.514474555961726 -229.23368510612625 -229.23480082046822 
19.72250588831966 19.61979427132498 19.341581380354246 
30.869076387673545 0.0 0.0 
0.0 0.0 85.92805453336481 
36.79040110782413 45.06310784303381 51.04278331434687 
19.077235725036203 20.059073884797026 19.491280656907495 
59.451888727450054 44.89506624942 41.55864600064135 
-237.43861904096136 -237.57596214465838 26.511329395541146 
-226.9413010851731 19.224136579692743 -226.94110434950613 
57.175262053505705 58.18717605339375 56.36124471281018 
116.18039427739288 116.69181670394735 116.29328863878682 
0.0 0.0 117.30301858704176 
109.8755854699231 116.62196659726456 -194.97051109785622 
0.0 0.0 0.0 
0.0 0.0 0.0 
0.0 0.0 0.0 
74.22170415356604 57.33742670961513 73.9713716877245 
63.88479644525761 0.0 0.0 
0.0 0.0 0.0 
0.0 0.0 0.0 
0.0 0.0 0.0 
65.29276873333953 0.0 0.0 
0.0 0.0 0.0 
0.0 0.0 0.0 
75.15063558790848 0.0 0.0 
18.059345285542314 17.97615683236285 18.233011354799274 
20.459369474241324 21.51361737919211 18.356429514323647 
67.28798936279895 63.02277903108065 52.2348299949737 
24.59859062622184 23.016198075219307 25.635071739605436 
39.442532866538215 36.39647593071883 21.737165288169923 
0.0 0.0 0.0 
30.505254769194046 29.852229295915336 27.9391712557497 
26.692649368945347 22.173066045597803 22.437314565680055 
38.6587172500183 35.89175323906928 40.10062043340693 
0.0 0.0 0.0 
0.0 79.77999841642657 0.0 
0.0 0.0 0.0 
36.17212438139006 33.36794483855751 37.73492919303758 
0.0 0.0 0.0 
25.778962971236584 23.023135698681426 31.889896532039234 
22.032234750629332 19.43350057654699 21.011434465370613 
