0.12058627744024493
0.1
23.151934791208113 25.077046116509297 22.978236667855114 
16.760966697603326 17.9238507554223 7.813728184398368 
11.26858506829871 9.026845568936636 8.618799828386349 
15.772160996475373 7.858800877655167 8.102985220577072 
10.283726973106624 10.047875142214815 10.160992110806133 
11.175232906224437 11.458390346042002 0.0 
-226.82586849236242 18.059519151168146 9.120032733011348 
11.535148112819776 13.758361865890805 9.55567119970476 
8.160255183367711 18.48317158193751 18.943122852352875 
19.333907897485616 0.0 0.0 
0.0 0.0 8.313895924867575 
36.79040110782413 -139.5929257832956 -139.60126922742313 
20.71533313086614 8.859505013706043 20.274516231615024 
19.481814342766413 10.786919147311767 19.404708083957782 
7.525240211130195 7.893095964978925 8.144691499548786 
11.701416956869785 -100.00997972241653 -100.01125290390225 
24.934732639146855 24.72508805283077 24.641119733886587 
31.00803174196438 34.92323006256055 30.29323087208423 
0.0 0.0 117.30301858704176 
109.8755854699231 116.62196659726456 -194.97051109785622 
0.0 0.0 0.0 
0.0 0.0 0.0 
0.0 0.0 0.0 
74.22170415356604 57.33742670961513 73.9713716877245 
36.53882808324898 0.0 36.70590799449204 
0.0 0.0 0.0 
0.0 0.0 0.0 
0.0 0.0 0.0 
65.29276873333953 0.0 0.0 
0.0 0.0 0.0 
0.0 0.0 0.0 
25.227413400713598 0.0 0.0 
8.791385429026382 23.469151520768396 8.49686715360543 
7.77426859368267 8.67229990779585 7.999703264103826 
12.415778640069524 12.47737794880971 12.74495137722406 
8.203198766020588 7.679127718879535 7.865952774208734 
13.833051540236662 16.852585721870998 14.36092740191034 
0.0 0.0 0.0 
14.146957516049554 14.588000179068388 13.546586233208387 
10.03166351228912 9.98817952077848 8.993817908156473 
13.104971765934977 12.259946082855382 19.54520371611425 
17.571130347324356 0.0 0.0 
0.0 79.77999841642657 0.0 
13.732777457611792 19.27159308878855 14.293757222575852 
18.870850758782208 18.954382771362784 19.09783858371213 
0.0 18.192065381034357 -149.71227555029756 
-100.01850988113424 -88.07775791200051 14.650490332539377 
11.406965852451506 -100.00812204806441 -100.0121654308492 
