0.542467425877447
0.3616449505849643
59.29442654416248 58.76297576524201 55.37648384477317 
26.782171794781583 28.233840312058312 27.754766069633597 
111.33129994191395 83.41308827157454 54.77057369225494 
83.03656788086838 77.43101303814743 -207.96815352464725 
70.41961210633704 50.5950973080387 45.157116237664965 
0.0 0.0 0.0 
56.46004737540718 56.78546388730409 56.926911363463496 
59.050575570593814 58.74160389581529 -394.08867497990184 
39.036176069047414 48.12130481440691 37.46775359055497 
0.0 0.0 0.0 
0.0 0.0 85.92805453336481 
58.138465041037314 0.0 0.0 
43.6066299425434 50.876435114850324 36.030850250451344 
0.0 0.0 44.90014534208708 
37.75391434557066 43.614810429111515 46.1404060993184 
58.30628745149493 58.78538908248215 58.604690674571245 
96.56875058405288 96.24055349809503 96.9423364634364 
116.18039427739288 116.69181670394735 116.29328863878682 
0.0 0.0 117.30301858704176 
109.8755854699231 116.62196659726456 -194.97051109785622 
0.0 0.0 0.0 
0.0 0.0 0.0 
0.0 0.0 0.0 
0.0 0.0 0.0 
93.64098948121807 0.0 0.0 
0.0 0.0 0.0 
0.0 0.0 0.0 
0.0 0.0 0.0 
0.0 0.0 0.0 
0.0 0.0 0.0 
0.0 0.0 0.0 
0.0 0.0 0.0 
52.6907466625665 52.22491282600003 50.80857336462893 
29.374456722515607 28.055851158807005 28.683749854820206 
67.28798936279895 63.02277903108065 52.2348299949737 
35.18026086863926 32.94009602460222 34.057389808789296 
73.63271407945405 64.63633907760837 95.97102716007035 
0.0 0.0 0.0 
73.08020857810197 65.0482838810575 54.40186832711797 
42.00230249204339 46.36471735444195 43.44460150932441 
90.00833418184467 95.48349966301767 90.71346754908419 
0.0 0.0 0.0 
0.0 79.77999841642657 0.0 
0.0 0.0 0.0 
110.3873446781744 147.7938304699692 83.8507224734511 
0.0 0.0 0.0 
67.60642104079741 79.62546987694279 86.49471110878977 
51.8590706744502 53.36006404766107 52.55081939611793 
