0.19906266495738884
0.13270844330492576
10.498423419834717 10.6396397649654 13.087963550509862 
16.136031196753265 16.38808934003592 17.62833725951282 
11.26858506829871 26.85986094650078 16.48047914256394 
13.744152928663295 14.936237371834265 14.589694098985685 
21.03184757015602 12.740875281804428 12.26164670816842 
16.771681298996864 24.41862784386162 0.0 
-226.82586849236242 11.402615960111088 12.591844640089677 
-136.09635984954292 -140.2704377287804 11.099909577692626 
10.426296609604337 10.82095669910326 10.359840654205946 
19.333907897485616 0.0 0.0 
0.0 0.0 85.92805453336481 
36.79040110782413 -139.5929257832956 -139.60126922742313 
10.23353109122374 10.256146121426177 10.473954452853961 
19.481814342766413 22.714077181715442 19.404708083957782 
11.32618082390867 12.306464821686921 -138.93592592595564 
10.268961560669808 10.804601166742946 17.844239760350234 
33.175470587197 33.78551025357928 31.72626806316178 
34.95999317119971 34.92323006256055 34.94347763272511 
0.0 0.0 117.30301858704176 
109.8755854699231 116.62196659726456 -194.97051109785622 
0.0 0.0 0.0 
0.0 0.0 0.0 
0.0 0.0 0.0 
74.22170415356604 57.33742670961513 73.9713716877245 
36.53882808324898 0.0 36.70590799449204 
0.0 0.0 0.0 
0.0 0.0 0.0 
0.0 0.0 0.0 
65.29276873333953 0.0 0.0 
0.0 0.0 0.0 
0.0 0.0 0.0 
75.15063558790848 0.0 0.0 
12.217022837458158 10.580751368012132 11.673016431080802 
12.753674463075045 14.60519528537638 14.15361441488088 
14.051536414468579 12.47737794880971 12.74495137722406 
14.59166789327633 14.559333052313914 17.473493516594118 
39.442532866538215 39.86396404214531 21.737165288169923 
0.0 0.0 0.0 
21.564509466880033 21.78349511873467 23.922151912288417 
20.012388546891017 18.278307101099244 -151.9710264217047 
11.74341723134079 10.839068898972833 11.459532780019739 
17.571130347324356 0.0 0.0 
0.0 79.77999841642657 0.0 
20.08262747582603 19.27159308878855 28.450875174492246 
15.724539432012483 19.97616415991049 13.462500408429316 
0.0 18.192065381034357 -149.71227555029756 
17.80478764550536 -138.85418390470252 16.068931731112247 
15.1115506573114 -141.66131670923912 -138.85215003911011 
