0.6562912233334154
0.4375274822222766
5717.857394721994 -41.75339283767228 7172.328448756737 
-13668.235998287766 7280.9731001828695 -10319.945099980023 
-17626.80083248897 14044.356746829784 2320.7764587285287 
5879.3598945265 -15563.398921548367 -8432.668489042793 
-13528.944066517684 11191.44210792315 0.0 
-12138.875519013287 -12768.968334176452 -13915.767291312713 
2676.2408932351427 10647.85153247122 -17731.64256964261 
13459.892185864099 15272.011941181028 889.7224801659304 
-13440.840111849853 -13392.417913136765 -15130.882972827494 
-15179.492448914993 -15179.492448914993 -16447.047948226675 
-13445.316731253439 -15527.661449301479 -14099.468080212764 
-16120.565833209803 0.0 -12207.186425205802 
-4063.008897516937 -14964.023789941642 13238.898412187678 
-14949.60191307424 -15335.590626075606 -14684.288515899445 
-14193.310955314326 -14885.858664552396 -14931.750668185965 
112.23204238153313 -7062.3693423134155 -13555.581726142285 
11840.498393631315 8723.293032084737 12738.418077624316 
-14401.503018714831 0.0 -6428.17932794845 
0.0 0.0 0.0 
8979.409362323524 842.9606763863351 12193.30498836407 
0.0 0.0 0.0 
0.0 0.0 0.0 
12753.613877195294 0.0 13984.501456113156 
0.0 0.0 0.0 
-11343.321085109204 13881.12541272026 11850.238902887784 
0.0 0.0 0.0 
0.0 0.0 0.0 
0.0 0.0 0.0 
-13440.705391235953 -13515.020875402739 -13329.37904129487 
0.0 0.0 0.0 
0.0 -13458.950267458573 -13458.950267458573 
-15521.743424890385 -15562.056122911341 -15561.835232856238 
630.5864701428308 -13301.937255285851 22.86020964906267 
1808.899862906112 6042.227594897463 -8365.64465384695 
0.0 0.0 0.0 
74.03868925955392 -13133.949930548937 -13134.007306037263 
6318.917142165972 -15461.413949554888 0.0 
3204.6906682328454 0.0 0.0 
7758.563608366336 78.07298002184436 6408.737331368651 
-13134.002413025757 -13134.023319188778 -13134.029660560152 
-14958.250306952268 -13506.102730265022 -13487.244484735742 
0.0 0.0 0.0 
-8744.462604896455 0.0 -10849.657347834403 
-13132.571903263539 -15150.844376768764 -15219.057970564198 
-12347.71216063331 -13420.068685143106 -11247.018123273268 
-13342.808369599436 -13274.119484199302 -13399.791519226681 
-13133.158871243637 -13450.57556145207 -13332.142119517786 
-13134.029625578012 -13134.029625463647 -13134.029625059204 
