198
0.8147406811968908
0.5881774335692902
15.980604341156528 0.0 -28.90322369739554 
0.0 -23.09481924094979 0.0 
6.934080899525119 0.0 0.0 
0.0 0.0 0.0 
19.633415025963473 -14.761825123356644 -4.989960177151826 
14.86520293365709 0.0 0.0 
14.785214804912917 -24.371685185682733 -10.779751466385909 
19.402161129333457 -15.623025593188324 2.9909338769994736 
0.0 0.0 0.0 
0.0 0.0 0.0 
0.0 0.0 0.0 
0.0 0.0 0.0 
10.616954769810949 0.0 0.0 
0.0 0.0 0.0 
0.0 0.0 0.0 
0.8226480637753306 0.0 0.0 
0.10900519483553106 -26.670173984186718 0.0 
0.0 0.0 0.0 
17.324467670640608 -15.559400944726965 24.337767010217704 
0.0 -19.840289820467127 29.1049265893263 
-1.0698929652905629 -28.488967681297854 35.110191599035 
0.0 0.0 0.0 
0.0 0.0 25.882208195906728 
0.0 0.0 0.0 
4.177022313893948 -32.96532214070335 0.0 
9.267331947488396 0.0 0.0 
1.7004998893595142 0.0 0.0 
-0.6408814621576506 -25.185958447834025 0.0 
0.0 -9.650139220466237 32.37659731641147 
-12.555160819314 0.0 34.89329133620453 
0.0 0.0 26.975932631819795 
-11.035105442088563 0.0 0.0 
0.0 -27.662502480199915 26.608152897881507 
0.0 0.0 0.0 
0.0 0.0 26.312135635803543 
2.6904228485106962 0.0 0.0 
-13.187491016541237 -25.934720275585978 0.0 
-7.881506451835931 -11.453247281093919 0.0 
0.0 -32.51900313048627 0.0 
-0.40206227801786504 -27.46605482618572 24.009850730058044 
5.558822024082799 0.0 28.386153815903956 
0.0 -26.22569495417117 0.0 
0.0 -14.266221233864346 25.60323953861429 
0.0 -25.024111309263617 0.0 
-14.38109961840619 0.0 0.0 
-7.074808514117799 -26.032078201429307 34.516803161894096 
0.0 -0.9921573004974126 34.47558834471407 
-8.044366111719853 -3.9058133805554864 25.724623377379608 
0.0 4.034245614344979 36.91295489391718 
0.0 0.0 0.0 
-21.674409359180327 -6.953249364801169 25.36579940851556 
0.0 0.0 27.353371955450662 
0.0 0.0 33.9964505844383 
0.0 0.0 0.0 
-17.381140141287666 0.0 0.0 
-16.59109619091244 0.0 0.0 
0.0 20.71099761752775 0.0 
-9.454538594753545 37.67989684466373 34.422557038723404 
0.0 0.0 26.83130338387579 
-14.892437378340682 25.44762202683855 0.0 
0.0 0.0 0.0 
0.0 0.0 0.0 
0.0 0.0 0.0 
0.0 0.0 0.0 
0.0 0.0 0.0 
-3.61533314060961 33.59772459918227 11.015967249943628 
0.0 26.009292895533992 0.0 
0.0 26.926401358684576 3.9605424987274156 
0.0 0.0 9.083400271262192 
0.0 0.0 0.0 
-20.344191767200154 0.0 -9.563736270355411 
0.0 34.49528123289599 6.84513418765543 
0.0 0.0 -14.396516532772868 
0.0 0.0 0.0 
0.0 23.137464603405746 0.0 
-14.808728073815992 0.0 -23.88678067209883 
0.0 0.0 0.0 
0.0 0.0 0.0 
-18.64439524149346 0.0 0.0 
-16.17586481284647 26.925504045100183 -17.488103712030608 
-1.6881068422174221 0.0 -32.14772408629071 
0.7861796920393467 26.32715486178768 0.0 
0.0 25.338844604697083 0.0 
0.0 0.0 -29.27468287587304 
0.0 35.18998501884118 0.0 
0.0 27.594527581905098 -12.197308876347773 
0.0 0.0 0.0 
0.0 26.754544851406834 0.0 
0.0 28.264672113606863 0.0 
0.0 32.62152582214286 0.0 
1.3384160754195233 0.0 0.0 
0.0 0.0 0.0 
-3.0969690013573974 0.0 0.0 
0.0 0.0 0.0 
0.0 34.14423420200981 -9.464030369158115 
0.0 0.0 0.0 
0.0 0.0 0.0 
11.324187273183512 0.0 0.0 
20.728508726142646 26.686479919868685 0.0 
-6.12517227082341 0.0 0.0 
7.18374439913849 33.25397590170805 -8.59342099663631 
0.0 0.0 -24.719802059186314 
8.265692286142821 0.0 -21.062453242052523 
25.6825044018569 25.393148578890113 -16.259095049466865 
1.1948850308870635 0.0 0.0 
-0.5816660226940525 0.0 -26.851200641655872 
11.55790494179164 0.0 0.0 
0.0 18.90038357435839 0.0 
0.0 0.0 -34.491683298292216 
17.685066551280315 0.0 0.0 
0.0 0.7588226583214897 0.0 
0.0 -2.4163413868537087 0.0 
0.0 0.0 -27.588227138852435 
0.0 0.0 0.0 
0.0 0.0 0.0 
0.0 0.0 -8.239473222811359 
19.518865962683826 -20.446350746686154 -0.6763323729357434 
18.923147727669033 -16.137136559970326 -31.215266840239046 
0.0 0.0 0.0 
0.0 0.0 0.0 
