0.3472384837198783
0.23149232247991872
243.60916966903102 57.256450898488396 16.153516670475998 
3701.745645557383 -5600.295479764732 4332.128425348288 
-15386.951773013006 -15387.374978206703 -5398.369844908605 
-7431.131223745757 -7851.321168427768 -7431.191490026448 
10374.787688359487 0.0 0.0 
0.0 0.0 -11124.698681048309 
803.1199957048169 1515.868017176157 -26.143851503162548 
-7411.898044853388 -7851.320786907136 -7326.847537916502 
5492.957774394749 5285.34796081414 4816.458363412651 
0.0 0.0 0.0 
0.0 0.0 0.0 
-11194.854787864317 -11175.250174870891 -11266.742848093141 
1170.6130037766725 6160.666178971165 1378.3176687238836 
0.0 0.0 0.0 
15.06006108622775 -8295.153837223254 -8295.153621060104 
-7430.243065914197 -7431.1884390754485 -7430.046153718341 
7449.207061698888 6479.474410776675 7628.229997468632 
8108.06431498553 7957.084276753623 8005.896874476074 
0.0 0.0 0.0 
-15795.676650399359 -15875.34995644573 -15796.57130192774 
0.0 0.0 0.0 
0.0 0.0 0.0 
0.0 0.0 0.0 
0.0 0.0 0.0 
8187.354177683194 9593.826756272341 0.0 
0.0 0.0 0.0 
0.0 0.0 0.0 
0.0 0.0 0.0 
0.0 9333.139490695035 7881.015853983329 
0.0 0.0 0.0 
0.0 9773.304529129224 7735.985610608343 
-6720.731456798514 -10164.91403426531 -10164.91403426531 
2778.7201202200854 2778.7201202200854 2778.7201202200854 
989.9217664416618 1039.4759960049341 733.967930674771 
1.6170431761886521 1919.2256889494408 1993.7374717031742 
17.767476024774822 23.663246707729005 396.33781595317754 
526.3768747923348 1955.3005486427078 0.0 
-9054.473799187756 -6620.6322727008765 -6620.6322727008765 
-10799.210107691237 -7208.0023699431895 449.60236714031424 
-9076.023382104639 -9076.023382063686 158.63797350303275 
2526.139819507492 -7657.487205682708 884.6865929320463 
0.0 -5459.57360007894 0.0 
0.0 0.0 0.0 
0.0 0.0 0.0 
2449.956475773704 2493.3369404165646 2471.934494585388 
0.0 0.0 0.0 
2052.7171582335905 2037.5063019533316 2092.242353051627 
-7175.417085312986 -7165.9383360595675 -7173.737877201582 
