0.11815718275149495
0.30345215903387457
9071.322880912057 9984.684371394756 -7.861664866862393 
-9574.905738162124 -9688.846692106572 -9588.629418777637 
2621.0375962612297 8637.367083156663 -10225.5020677545 
-9588.876539917228 -9588.918655191095 -9588.915273570583 
-8801.93518662415 7973.028916540634 -11.820435427861645 
6995.909597938301 -10336.436486452325 -13915.767291312713 
-11532.24723091509 -10371.68717048003 -3864.756792957394 
-9541.119068642378 -9541.121552394976 -9541.088942062963 
-9827.299824823873 -9765.626632214815 5296.25679577986 
-9747.800474023903 -15179.492448914993 -16447.047948226675 
-13445.316731253439 -10423.275124621137 -9018.59427030952 
-9541.122989819894 -9541.071290010821 -9578.761875977225 
-9458.599360471702 6964.934250486329 -9327.752424652295 
-9381.627011651974 -9538.271745747656 -9494.241650904429 
4259.550457763096 -9728.667444504797 -9718.129933012558 
-9121.493293341262 -9167.189451481518 -9121.480034366927 
7795.57154056795 7261.892338056875 7458.01318482968 
-9843.409620833785 8478.347422648094 -3587.7290231223437 
0.0 0.0 0.0 
-9843.8103144253 -7504.501030609757 -9021.143953347875 
0.0 0.0 0.0 
0.0 -12053.660768470148 0.0 
12753.613877195294 0.0 6272.2805711220935 
9249.53456765581 0.0 0.0 
11339.03468580825 14150.567442788308 9601.600013976244 
0.0 0.0 0.0 
0.0 -12175.107465437892 0.0 
0.0 0.0 0.0 
-12075.831582203864 -13515.020875402739 -13329.37904129487 
0.0 0.0 0.0 
7718.335762711492 -13458.950267458573 -13458.950267458573 
-9694.255796668716 -10386.806787499143 -10389.214754922234 
-9391.417563783925 2223.919781171626 2615.531065516152 
-9859.107669596116 7667.59321699784 -5201.851735511942 
0.0 0.0 0.0 
-10543.80990715269 2316.4961360256716 -10543.68185488012 
5713.868304389065 -15461.413949554888 5841.138312914076 
3204.6906682328454 0.0 0.0 
667.4775818484771 78.07298002184436 4338.639328984861 
-9881.451388799638 -9827.177506886765 -10386.808680190035 
-9387.0165361497 -9395.287874289723 2709.005934305212 
-11180.601689495788 -9963.135414581197 0.0 
-8744.462604896455 0.0 -10849.657347834403 
-11076.000045937973 -15150.844376768764 -8051.27356987359 
-9352.268895045221 -9352.376711934428 -9352.2698290167 
-12002.478322716977 -11917.411586006574 -12127.994254349214 
-9352.269283587313 -9352.269381250855 -9352.269431089575 
-9121.492868312784 -9121.492868312784 -9121.492868312784 
