1885
0.35007894445251336
0.4967665585206484
8.498669213505684 -4.774646665869046 -21.18240206793947 
8.24780015702261 -24.353113066201043 -21.720298552772668 
7.639531322577822 -11.180735361430097 -10.912820184520758 
13.705030009461773 -13.148446586062725 -10.656189156499629 
13.581114022893432 -8.62793039790855 -6.753132197878091 
-42.59768683277714 -10.577709281978388 -13.713632019901281 
-8.592147181241842 -13.525336259485488 -1.8538957027021592 
8.333023848494781 -8.38310730428776 -10.207170618668677 
4.899048249726259 -18.029941206563066 -0.7609416608366276 
6.023170365252375 -2.8229981944739193 7.453490233381496 
-55.49055305642093 -8.087798377137354 1.5386849508805276 
2.443652379798809 -6.440024352196235 6.2711137624384685 
15.096373121493409 -10.756564107825076 19.81738845132399 
-5.685536552741284 -11.064481586487084 17.061463430897142 
11.840077647734798 -9.966572570135718 18.813735370743967 
11.870193554681123 -13.2052569121003 15.424082537855217 
8.47533570123658 -8.85024011110055 23.543785890525875 
6.348656625127746 -10.539125363536945 23.062863942940613 
6.2079828702514845 -14.529846372595683 22.725583231190583 
11.966773837722203 -6.844993735232897 27.10779539538369 
21.198720305765466 -8.855273964113108 23.42603865615755 
-2.213324741805377 -2.252696553427389 24.003228866346312 
18.76532094711411 -11.978847617898994 24.113329774620162 
11.885526526371265 -12.758140911192694 25.896414700914043 
-3.574537360435287 -10.953531549872418 24.757205093984314 
2.224276828100467 -14.093343233384978 30.33443966439839 
1.7004998893595142 6.364760065060475 24.659195892246625 
-8.370257108549099 -1.1125324021134697 28.88723065820172 
6.525039691446098 -7.34142909089742 23.306211955095996 
17.32645061161982 -11.615030906751493 23.339294049170416 
2.8684594040561797 -19.748094860719807 21.44807863582997 
-11.035105442088563 0.0 23.40969740456343 
5.52733633618377 -27.662502480199915 19.11390046758368 
6.341897396567991 -27.605466448228817 26.838752420881438 
0.0 -7.821099653454151 25.75293422168955 
2.6904228485106962 0.0 28.877441583148208 
-13.187491016541237 -14.894177017328289 23.376726173991333 
5.203856150788924 -11.453247281093919 22.583097578666216 
22.684768676965522 -8.045398341042823 21.680517492201858 
-0.40206227801786504 -27.46605482618572 22.964395637161278 
-4.17896833671332 -14.580202584303247 27.020893731170798 
7.785350726663819 2.4964250568348048 23.20308060354059 
-2.244935117428798 -4.564048943251557 26.081380781062403 
0.0726579771825802 -3.563958329443523 26.625922894374824 
3.1089940584662132 -26.086348358317885 27.803836265780486 
16.329908164935695 -1.3984224688622524 22.951563989687155 
-1.5688589675100382 6.015198937716665 32.963719926228656 
0.08790649564194833 7.464253260229221 32.55852383408528 
2.758358586354846 3.5962593493564743 36.91295489391718 
-3.1279745704680693 0.0 23.898849070488453 
-3.2593701229599072 -6.953249364801169 23.428311048619804 
1.6160503500435932 7.103161785949959 23.12789746614593 
6.626263748240423 6.630114926593005 24.168736152752604 
-2.1725919168392736 12.621704692478552 26.00702039472593 
4.744697817121164 6.74716380754378 28.015700221849702 
-15.500709088087085 10.640756831330794 0.0 
1.3665441696637894 18.883552750229367 0.0 
5.941426626002854 13.949505859695634 18.979921401276776 
6.459364883934457 24.542958452895608 22.98340598442081 
10.74371027904646 23.098752725363802 32.980378912523435 
-1.130815529479929 27.11459318309715 25.901475159720746 
-7.619917645502182 0.0 0.0 
6.463329806680493 28.0392332371353 24.72815004250123 
0.0 25.85042830354926 21.376782314195463 
-2.5105576357463035 23.52527139590424 0.0 
3.0922633498005414 23.752092183142697 11.015967249943628 
-4.86196546779869 32.54186077451287 14.00936673790436 
-5.892259577925834 24.41807050380173 13.37106474954619 
8.08596655194225 20.449972991545458 11.124426752661948 
0.5568774730615067 26.605200539073554 8.344910621439551 
7.734164455477041 25.442095260088607 -3.237956142287752 
1.6553656397103118 25.233166510573238 2.0270604615927104 
-7.284122143400571 25.174511994430755 -14.396516532772868 
12.498889314197976 21.26144430917893 -10.801673575285786 
-4.553816747629365 26.11520212370919 0.0 
-12.388418314836473 22.70552170939383 5.698784679493139 
-16.514754543575844 22.400130138495225 -10.12521588415819 
-1.4738091592944615 24.79664491256012 -6.9893136252285535 
14.724736064114197 26.063837303088807 -14.716602367187825 
0.851713130571236 24.307096324468883 -7.912299351147186 
-1.6881068422174221 33.1910323539306 -13.283983781365773 
1.2309809150222817 27.90211463077938 -4.716118319786482 
2.1781844385413067 23.609716657736158 0.2843934537500894 
0.0 21.99143514533563 -2.8727633882917893 
-1.759935576604495 23.0037814084534 -14.277330898779221 
6.191117101841543 22.071859367357717 -15.370988308438685 
-9.617587696824938 21.10562614968918 0.0 
-8.938341308921256 22.002455527196442 -2.9411210828738175 
-1.6044039650248139 22.805067583021554 -3.6100897897939204 
-1.5234724157778794 22.725813882357095 -8.355719257672241 
-9.213219819467094 23.88296271890232 -28.590186185715893 
-6.836454703088296 0.0 0.0 
-7.1122473952882785 25.97411069758256 -13.360300561379583 
7.386479367502879 33.05640145498406 0.0 
16.685231476855982 25.071927333398573 -7.244188246133362 
-5.984494632732257 22.48724751247137 -3.419727533661422 
-3.5250053087748094 29.13293107397357 -26.18164808694198 
7.410319824673984 30.223679087507765 -16.26837102750687 
20.728508726142646 31.218383782375607 -14.681579230979183 
-7.53188118144931 28.29327298614034 8.718190876569057 
8.296395036024624 27.587380848514655 -8.59342099663631 
5.618346813379971 26.539618308039067 -2.3762622412786367 
26.89736779346475 22.795585210696306 -7.944894766323553 
12.00783504353975 23.164475126136217 -17.21065386860296 
13.374011967350837 21.59529604320038 -14.323916423881313 
7.812133948406083 21.785965363914478 -12.781980586041586 
14.31683042007752 16.34368139937063 -20.41838587798261 
6.458814597533715 14.450521090597142 -9.235662455288276 
11.08420156271525 13.088521491341204 -6.437346555603953 
5.964633694881588 9.215133582727319 -13.178230102044111 
4.581306580761436 -1.7426401299574752 -20.696218352732224 
16.614258688337067 -4.191171909018315 -26.801312807662214 
20.537626267822436 13.355187976261947 -5.36959145782612 
11.962370310718171 -6.007825788965446 0.0 
27.90215286842031 10.610605278738026 -17.119452863372775 
6.023320415980773 -7.920356379666921 -13.104988372788547 
13.521490654244637 -3.5349545218300933 -0.6763323729357434 
13.614164171654297 -3.8885346431332515 -2.959190158536086 
11.910833764402044 -18.111538408776976 -10.74370306169212 
11.200030971532641 -7.178296026999029 0.0 
